0 0 0 0 0 0 0 0 0 0 0 1 2 3
1 0 0 0 0 0 0 0 0 1 0 4 5 6 7 8
0 1 0 0 0 0 0 0 0 1 0 9 11 12 14 15
0 0 0 0 1 0 0 0 0 1 0 10 13
1 2 0 0 0 0 0 0 0 2 0 16 17 18 19 20 21 22
1 0 2 0 0 0 0 0 0 2 0 23 26 30 32 33 34 35
1 0 0 0 2 0 0 0 0 2 0 24 29 38 39
1 0 0 0 0 2 0 0 0 2 0 20 22 25 27 31 36 40
1 0 0 0 0 0 0 0 2 2 0 28 30 37 41
2 1 0 0 0 0 0 0 0 2 0 23 33 41 42 43 44 45
2 0 0 0 1 0 0 0 0 2 0 32 37 43 46
2 0 0 0 0 1 0 0 0 2 0 26 28 34 44 45 46 47
0 2 0 1 0 0 0 0 0 2 0 17 19 25 40 48 49 50
0 2 0 0 1 0 0 0 0 2 0 18 36 48 51
0 2 0 0 0 0 0 1 0 2 0 21 27 50 51
0 1 0 0 2 0 0 0 0 2 0 24 38 52 53
1 2 1 0 0 0 0 0 0 3 0 54 55 56 57
1 2 0 1 0 0 0 0 0 3 0 58 67 68 69 70 71
1 2 0 0 1 0 0 0 0 3 0 59 64 72 73 74 75
1 2 0 0 0 1 0 0 0 3 0 60 65 76 83 84 85
1 2 0 0 0 0 1 0 0 3 0 54 61 77 80 86 87
1 2 0 0 0 0 0 1 0 3 0 62 65 78 81 88 91
1 2 0 0 0 0 0 0 1 3 0 63 66 79 82 89 90
1 1 2 0 0 0 0 0 0 3 0 69 92 93 94 95 96
1 1 0 0 2 0 0 0 0 3 0 67 92 97 98 99 100
1 1 0 0 0 2 0 0 0 3 0 70 93 97 101 102 103
1 1 0 0 0 0 2 0 0 3 0 58 94 98 101 104 105
1 1 0 0 0 0 0 2 0 3 0 68 95 99 102 104 106
1 1 0 0 0 0 0 0 2 3 0 71 96 100 103 105 106
1 0 1 0 2 0 0 0 0 3 0 55 77 107 108
1 0 1 0 0 0 2 0 0 3 0 56 61 87 107 109 110
1 0 1 0 0 0 0 2 0 3 0 57 80 108 109
1 0 2 0 1 0 0 0 0 3 0 59 73 114 115 116 117
1 0 2 0 0 1 0 0 0 3 0 60 88 111 118 119 120
1 0 2 0 0 0 0 1 0 3 0 62 83 112 118 121 123
1 0 2 0 0 0 0 0 1 3 0 63 89 113 122
1 0 0 0 1 2 0 0 0 3 0 72 74 114 116 126 127
1 0 0 0 1 0 0 0 2 3 0 75 117 127
1 0 0 0 2 1 0 0 0 3 0 76 78 111 112 124 125
1 0 0 0 2 0 0 0 1 3 0 79 113
1 0 0 0 0 2 0 1 0 3 0 81 84 119 121 124 128
1 0 0 0 0 1 0 0 2 3 0 85 91 120 123 125 128
2 1 0 1 0 0 0 0 0 3 0 129 135 136 137
2 1 0 0 1 0 0 0 0 3 0 130 132 138 139 140 141
2 1 0 0 0 1 0 0 0 3 0 129 133 142 145 146 147
2 1 0 0 0 0 0 1 0 3 0 131 134 143 144 148 149
2 0 0 0 1 1 0 0 0 3 0 139 141 150 151 153 154
2 0 0 0 0 1 0 1 0 3 0 137 145 152 155
0 2 0 1 1 0 0 0 0 3 0 132 138 150 154 156 160
0 2 0 1 0 1 0 0 0 3 0 134 144 158 161
0 2 0 1 0 0 0 1 0 3 0 133 136 146 152 157 159
0 2 0 0 1 0 0 1 0 3 0 140 151 156
0 1 0 1 2 0 0 0 0 3 0 135 142 155 159
0 1 0 0 2 0 0 1 0 3 0 143 158
1 2 1 2 0 0 0 0 0 4 0 162 163 164 165 166
1 2 1 0 2 0 0 0 0 4 0 167 173 174
1 2 1 0 0 0 2 0 0 4 0 168 170 171 176 177
1 2 1 0 0 0 0 2 0 4 0 169 172 175
1 2 2 1 0 0 0 0 0 4 0 178 179 180 181 182
1 2 2 0 1 0 0 0 0 4 0 178 183 184 185 186
1 2 2 0 0 1 0 0 0 4 0 179 183 187 188 189
1 2 2 0 0 0 1 0 0 4 0 180 184 187 190 191
1 2 2 0 0 0 0 1 0 4 0 181 185 188 190 192
1 2 2 0 0 0 0 0 1 4 0 182 186 189 191 192
1 2 0 2 1 0 0 0 0 4 0 162 193 194
1 2 0 2 0 1 0 0 0 4 0 163 165 193 195 196
1 2 0 2 0 0 0 0 1 4 0 166 194 196
1 2 0 1 2 0 0 0 0 4 0 167 197 198 199 200
1 2 0 1 0 2 0 0 0 4 0 163 201 208 209 210
1 2 0 1 0 0 2 0 0 4 0 168 202 205 211 212
1 2 0 1 0 0 0 2 0 4 0 169 203 206 213 216
1 2 0 1 0 0 0 0 2 4 0 170 204 207 214 215
1 2 0 0 1 2 0 0 0 4 0 162 201 220 221 222
1 2 0 0 1 0 2 0 0 4 0 171 202 217 223 224
1 2 0 0 1 0 0 2 0 4 0 172 203 218 225 228
1 2 0 0 1 0 0 0 2 4 0 171 204 219 226 227
1 2 0 0 2 1 0 0 0 4 0 167 197 229 230 231
1 2 0 0 2 0 1 0 0 4 0 173 198 229 232 233
1 2 0 0 2 0 0 1 0 4 0 174 199 230 232 234
1 2 0 0 2 0 0 0 1 4 0 173 200 231 233 234
1 2 0 0 0 2 1 0 0 4 0 166 208 220 240 241
1 2 0 0 0 2 0 1 0 4 0 165 209 210 221 240
1 2 0 0 0 2 0 0 1 4 0 164 210 222 241
1 2 0 0 0 1 2 0 0 4 0 170 205 217 235 236
1 2 0 0 0 1 0 2 0 4 0 169 206 216 218 237
1 2 0 0 0 1 0 0 2 4 0 168 207 219 238 239
1 2 0 0 0 0 1 2 0 4 0 175 213 225 237
1 2 0 0 0 0 1 0 2 4 0 176 214 226 238 243
1 2 0 0 0 0 2 1 0 4 0 177 211 223 235 242
1 2 0 0 0 0 2 0 1 4 0 176 212 224 236 242
1 2 0 0 0 0 0 2 1 4 0 175 216 228
1 2 0 0 0 0 0 1 2 4 0 177 215 227 239 243
1 1 2 0 2 0 0 0 0 4 0 244 253 254 255 256
1 1 2 0 0 2 0 0 0 4 0 189 245 249 257 258
1 1 2 0 0 0 2 0 0 4 0 246 250 259 263 264
1 1 2 0 0 0 0 2 0 4 0 242 243 247 251 260
1 1 2 0 0 0 0 0 2 4 0 248 252 261 262 265
1 1 0 0 2 2 0 0 0 4 0 198 231 270 283 284
1 1 0 0 2 0 2 0 0 4 0 244 266 280 285 286
1 1 0 0 2 0 0 2 0 4 0 232 234 267 270 281
1 1 0 0 2 0 0 0 2 4 0 266 271 282 287 288
1 1 0 0 0 2 2 0 0 4 0 214 236 247 274 289
1 1 0 0 0 2 0 2 0 4 0 196 208 240 272 275
1 1 0 0 0 2 0 0 2 4 0 180 273 276 290 291
1 1 0 0 0 0 2 2 0 4 0 192 245 268 277 292
1 1 0 0 0 0 2 0 2 4 0 248 269 278 293 295
1 1 0 0 0 0 0 2 2 4 0 190 268 273 279 294
1 0 1 0 2 0 2 0 0 4 0 254 266 287 298 299
1 0 1 0 2 0 0 2 0 4 0 233 267 283
1 0 1 0 0 0 2 2 0 4 0 191 257 268 290 296
1 0 1 0 0 0 2 0 2 4 0 262 269 297 300
1 0 2 0 2 1 0 0 0 4 0 253 256 285 298 307
1 0 2 0 2 0 0 1 0 4 0 255 280 286 287 307
1 0 2 0 2 0 0 0 1 4 0 256 286 299
1 0 2 0 1 2 0 0 0 4 0 186 249 277 296 301
1 0 2 0 1 0 2 0 0 4 0 250 302 305
1 0 2 0 1 0 0 2 0 4 0 224 226 251 274 303
1 0 2 0 1 0 0 0 2 4 0 252 278 297 304 306
1 0 2 0 0 1 2 0 0 4 0 259 263 264 302 308
1 0 2 0 0 1 0 2 0 4 0 212 238 260 289 303
1 0 2 0 0 1 0 0 2 4 0 261 295 300 304 309
1 0 2 0 0 2 0 1 0 4 0 182 258 290 292 301
1 0 2 0 0 0 2 0 1 4 0 264 305
1 0 2 0 0 0 0 1 2 4 0 262 265 293 306 309
1 0 0 0 2 1 0 2 0 4 0 200 229 281 283 284
1 0 0 0 2 1 0 0 2 4 0 254 282 288 298 311
1 0 0 0 1 2 0 2 0 4 0 194 220 275
1 0 0 0 1 2 0 0 2 4 0 184 276 279 296 310
1 0 0 0 0 1 0 2 2 4 0 187 257 291 294 310
2 1 2 1 0 0 0 0 0 4 0 261 309 312 313 314
2 1 2 0 1 0 0 0 0 4 0 304 312 315
2 1 2 0 0 0 0 1 0 4 0 295 314 315
2 1 0 2 1 0 0 0 0 4 0 183 249 310 316 317
2 1 0 2 0 1 0 0 0 4 0 188 245 294 316 318
2 1 0 2 0 0 0 1 0 4 0 179 258 291 317 318
2 1 0 1 2 0 0 0 0 4 0 253 311 319
2 1 0 1 0 2 0 0 0 4 0 211 239 260 320 322
2 1 0 1 0 0 0 0 2 4 0 259 321 323
2 1 0 0 1 2 0 0 0 4 0 202 219 303 320 327
2 1 0 0 1 0 2 0 0 4 0 252 306 312 324 328
2 1 0 0 1 0 0 2 0 4 0 223 227 251 320 325
2 1 0 0 1 0 0 0 2 4 0 250 302 321 326 329
2 1 0 0 2 1 0 0 0 4 0 244 282 307 319 330
2 1 0 0 2 0 0 1 0 4 0 255 285 288 319 330
2 1 0 0 0 2 0 1 0 4 0 205 207 289 322 327
2 1 0 0 0 1 2 0 0 4 0 248 293 314 324 331
2 1 0 0 0 1 0 2 0 4 0 215 235 247 322 325
2 1 0 0 0 1 0 0 2 4 0 246 308 323 326
2 1 0 0 0 0 2 1 0 4 0 265 313 328 331
2 1 0 0 0 0 0 1 2 4 0 263 323 329
2 2 0 0 1 1 0 0 0 4 0 178 276 301 317 332
2 2 0 0 1 0 0 1 0 4 0 185 277 279 316 332
2 2 0 0 0 1 0 1 0 4 0 181 273 292 318 332
2 0 2 0 1 0 0 1 0 4 0 278 315 324
2 0 0 0 1 1 0 2 0 4 0 204 217 274 325 327
2 0 0 0 2 1 0 1 0 4 0 271 280 330
0 2 0 2 1 1 0 0 0 4 0 193 201 221 275 333
0 2 0 2 0 1 0 1 0 4 0 195 209 272 333
0 2 0 1 2 1 0 0 0 4 0 197 284 334
0 2 0 1 2 0 0 1 0 4 0 199 230 270 281 334
0 2 0 1 1 0 0 2 0 4 0 203 218 335
0 2 0 1 0 1 0 2 0 4 0 206 335
1 2 1 2 1 0 0 0 0 5 0 336 337 338 339
1 2 1 2 0 1 0 0 0 5 0 340 346 347 348
1 2 1 2 0 0 1 0 0 5 0 341 344 349
1 2 1 2 0 0 0 1 0 5 0 342 345 350 353
1 2 1 2 0 0 0 0 1 5 0 343 344 351 352
1 2 1 1 2 0 0 0 0 5 0 340 354 355 356
1 2 1 1 0 0 2 0 0 5 0 348 354 357 358
1 2 1 1 0 0 0 2 0 5 0 347 355 357 359
1 2 1 1 0 0 0 0 2 5 0 346 356 358 359
1 2 1 0 1 0 2 0 0 5 0 337 339 360 361
1 2 1 0 1 0 0 2 0 5 0 338 360
1 2 1 0 2 0 1 0 0 5 0 341 343 363 364
1 2 1 0 2 0 0 1 0 5 0 342 362
1 2 1 0 0 0 1 2 0 5 0 344 352 364 366
1 2 1 0 0 0 1 0 2 5 0 349 351 363 366
1 2 1 0 0 0 2 1 0 5 0 350 353 362 365
1 2 2 1 1 0 0 0 0 5 0 367 368 369 370
1 2 2 1 0 1 0 0 0 5 0 371 376 377 378
1 2 2 1 0 0 1 0 0 5 1
1 2 2 1 0 0 0 1 0 5 0 372 374 379 382
1 2 2 1 0 0 0 0 1 5 0 373 375 380 381
1 2 2 0 1 1 0 0 0 5 0 383 390 391 392
1 2 2 0 1 0 1 0 0 5 0 337 388 393 394
1 2 2 0 1 0 0 1 0 5 0 384 389 395 396
1 2 2 0 1 0 0 0 1 5 1
1 2 2 0 0 1 1 0 0 5 0 350 397 407 408
1 2 2 0 0 1 0 1 0 5 0 385 398 405 409
1 2 2 0 0 1 0 0 1 5 0 386 399 406 410
1 2 2 0 0 0 1 1 0 5 0 346 400 403 411
1 2 2 0 0 0 1 0 1 5 0 351 366 401 404
1 2 2 0 0 0 0 1 1 5 0 375 387 402 412
1 2 0 2 1 1 0 0 0 5 0 383 384 413 414
1 2 0 2 1 0 0 0 1 5 1
1 2 0 2 0 1 0 1 0 5 0 385 415 418
1 2 0 2 0 1 0 0 1 5 0 386 387 416 417
1 2 0 1 2 1 0 0 0 5 0 371 421 422 423
1 2 0 1 2 0 1 0 0 5 1
1 2 0 1 2 0 0 1 0 5 0 372 419 424 427
1 2 0 1 2 0 0 0 1 5 0 373 420 425 426
1 2 0 1 1 2 0 0 0 5 0 367 428 429 430
1 2 0 1 1 0 2 0 0 5 0 368 428 431 432
1 2 0 1 1 0 0 2 0 5 0 369 429 431 433
1 2 0 1 1 0 0 0 2 5 0 370 430 432 433
1 2 0 1 0 1 2 0 0 5 0 376 421 437 438
1 2 0 1 0 1 0 2 0 5 0 377 422 437 439
1 2 0 1 0 1 0 0 2 5 0 378 423 438 439
1 2 0 1 0 2 1 0 0 5 1
1 2 0 1 0 2 0 1 0 5 0 374 419 434 436
1 2 0 1 0 2 0 0 1 5 0 375 417 420 435
1 2 0 1 0 0 2 1 0 5 0 379 424 434 440
1 2 0 1 0 0 2 0 1 5 0 380 410 425 435
1 2 0 1 0 0 1 2 0 5 1
1 2 0 1 0 0 1 0 2 5 1
1 2 0 1 0 0 0 1 2 5 0 382 427 436 440
1 2 0 1 0 0 0 2 1 5 0 381 410 417 426
1 2 0 0 1 1 2 0 0 5 0 384 390 445 446
1 2 0 0 1 1 0 2 0 5 0 391 413 445 447
1 2 0 0 1 1 0 0 2 5 0 392 414 446 447
1 2 0 0 1 2 1 0 0 5 0 338 388 441 442
1 2 0 0 1 2 0 1 0 5 0 389 413 443 444
1 2 0 0 1 2 0 0 1 5 1
1 2 0 0 1 0 2 1 0 5 0 383 395 443 448
1 2 0 0 1 0 2 0 1 5 1
1 2 0 0 1 0 1 2 0 5 0 336 393 441
1 2 0 0 1 0 1 0 2 5 0 339 393 394 442
1 2 0 0 1 0 0 1 2 5 0 396 414 444 448
1 2 0 0 1 0 0 2 1 5 1
1 2 0 0 2 1 1 0 0 5 0 342 397 449 450
1 2 0 0 2 1 0 1 0 5 0 398 415 451 453
1 2 0 0 2 1 0 0 1 5 0 399 416 426 452
1 2 0 0 2 0 1 1 0 5 0 340 400 454 456
1 2 0 0 2 0 1 0 1 5 0 343 364 401 455
1 2 0 0 2 0 0 1 1 5 0 402 416 420 457
1 2 0 0 0 1 2 1 0 5 0 385 405 451 459
1 2 0 0 0 1 2 0 1 5 0 381 387 406 452
1 2 0 0 0 1 1 2 0 5 0 345 407 449
1 2 0 0 0 1 1 0 2 5 0 353 407 408 450
1 2 0 0 0 1 0 1 2 5 0 409 418 453 459
1 2 0 0 0 2 1 1 0 5 0 347 403 454 458
1 2 0 0 0 2 1 0 1 5 0 352 404 455
1 2 0 0 0 0 2 1 1 5 0 386 412 435 457
1 2 0 0 0 0 1 1 2 5 0 348 411 456 458
1 1 2 1 2 0 0 0 0 5 0 460 461 462 463
1 1 2 1 0 2 0 0 0 5 0 460 464 465 466
1 1 2 1 0 0 2 0 0 5 0 461 464 467
1 1 2 1 0 0 0 2 0 5 0 462 464 465 468
1 1 2 1 0 0 0 0 2 5 0 463 466 467 468
1 1 2 0 1 2 0 0 0 5 0 431 469 470 471
1 1 2 0 1 0 2 0 0 5 0 368 469 472 473
1 1 2 0 1 0 0 2 0 5 0 428 470 472 474
1 1 2 0 1 0 0 0 2 5 0 432 471 473 474
1 1 2 0 2 1 0 0 0 5 0 424 475 476 477
1 1 2 0 2 0 1 0 0 5 0 354 456 478 482
1 1 2 0 2 0 0 1 0 5 0 421 479 480 483
1 1 2 0 2 0 0 0 1 5 0 399 425 457 481
1 1 2 0 0 2 1 0 0 5 0 357 458 478 485
1 1 2 0 0 2 0 1 0 5 0 437 479 484 486
1 1 2 0 0 1 2 0 0 5 0 379 475 487 488
1 1 2 0 0 1 0 2 0 5 0 434 476 487 489
1 1 2 0 0 1 0 0 2 5 0 440 477 488 489
1 1 2 0 0 0 1 0 2 5 0 358 411 482 485
1 1 2 0 0 0 2 1 0 5 0 376 480 484 490
1 1 2 0 0 0 2 0 1 5 0 380 406 412 481
1 1 2 0 0 0 0 1 2 5 0 438 483 486 490
1 1 1 0 2 0 2 0 0 5 1
1 1 1 0 2 0 0 2 0 5 1
1 1 1 0 0 0 2 2 0 5 1
1 1 1 0 0 0 2 0 2 5 1
1 1 0 1 2 2 0 0 0 5 0 460 462 491 492
1 1 0 1 2 0 0 0 2 5 0 463 492
1 1 0 1 0 2 0 2 0 5 0 465 491 493
1 1 0 1 0 2 0 0 2 5 0 466 468 492 493
1 1 0 0 1 2 2 0 0 5 0 369 469 494 495
1 1 0 0 1 2 0 2 0 5 0 429 470 494 496
1 1 0 0 1 2 0 0 2 5 0 433 471 495 496
1 1 0 0 1 0 2 2 0 5 0 367 472 494 497
1 1 0 0 1 0 2 0 2 5 0 370 473 495 497
1 1 0 0 1 0 0 2 2 5 0 430 474 496 497
1 1 0 0 2 1 2 0 0 5 0 372 475 498 499
1 1 0 0 2 1 0 2 0 5 0 419 476 498 500
1 1 0 0 2 1 0 0 2 5 0 427 477 499 500
1 1 0 0 2 2 1 0 0 5 0 355 454 478 501
1 1 0 0 2 2 0 1 0 5 0 422 479 502 503
1 1 0 0 2 0 2 1 0 5 0 371 480 502 504
1 1 0 0 2 0 2 0 1 5 0 373 402 452 481
1 1 0 0 2 0 1 0 2 5 0 356 400 482 501
1 1 0 0 2 0 0 1 2 5 0 423 483 503 504
1 1 0 0 0 2 2 1 0 5 0 377 484 502 505
1 1 0 0 0 2 1 0 2 5 0 359 403 485 501
1 1 0 0 0 2 0 1 2 5 0 439 486 503 505
1 1 0 0 0 1 2 2 0 5 0 374 487 498 506
1 1 0 0 0 1 2 0 2 5 0 382 488 499 506
1 1 0 0 0 1 0 2 2 5 0 436 489 500 506
1 1 0 0 0 0 2 1 2 5 0 378 490 504 505
1 0 1 0 1 0 2 2 0 5 0 360 388 442 507
1 0 1 0 1 0 2 0 2 5 0 361 394 507
1 0 1 0 2 0 2 1 0 5 0 362 397 450 508
1 0 1 0 2 0 2 0 1 5 0 363 401
1 0 1 0 0 0 2 1 2 5 0 365 408 508
1 0 2 0 1 2 0 1 0 5 0 389 445 509 510
1 0 2 0 1 1 2 0 0 5 0 390 395 509 511
1 0 2 0 1 1 0 2 0 5 0 391 443 509 512
1 0 2 0 1 1 0 0 2 5 0 392 448 511 512
1 0 2 0 1 0 2 0 1 5 1
1 0 2 0 1 0 0 1 2 5 0 396 446 510 511
1 0 2 0 2 1 0 1 0 5 0 398 451 513 514
1 0 2 0 0 1 2 1 0 5 0 405 513 515
1 0 2 0 0 1 0 1 2 5 0 409 459 514 515
1 0 0 0 1 2 0 1 2 5 0 444 447 510 512
1 0 0 0 2 1 0 1 2 5 0 453 514
2 1 2 1 1 0 0 0 0 5 0 516 517 518 519
2 1 2 1 0 1 0 0 0 5 0 520 523 524
2 1 2 1 0 0 0 1 0 5 0 521 522 523 525
2 1 2 0 1 0 0 1 0 5 1
2 1 0 2 1 1 0 0 0 5 0 516 526 527 528
2 1 0 2 1 0 0 1 0 5 1
2 1 0 2 0 1 0 1 0 5 0 522 529 530 531
2 1 0 1 2 1 0 0 0 5 0 520 521 532 533
2 1 0 1 1 2 0 0 0 5 0 516 518 534 535
2 1 0 1 1 0 0 0 2 5 0 519 535
2 1 0 1 0 1 0 2 0 5 0 522 524 531 532
2 1 0 1 0 1 0 0 2 5 0 523 525 531 533
2 1 0 0 1 1 2 0 0 5 0 519 526 536 537
2 1 0 0 1 1 0 2 0 5 0 518 527 528 536
2 1 0 0 1 1 0 0 2 5 0 517 528 537
2 1 0 0 1 2 0 1 0 5 1
2 1 0 0 1 0 2 1 0 5 1
2 1 0 0 1 0 0 1 2 5 1
2 1 0 0 2 1 0 1 0 5 0 521 529 533 538
2 1 0 0 0 1 2 1 0 5 0 525 530 538
2 2 0 0 1 1 0 1 0 5 0 526 535 536 539
0 2 0 2 1 1 0 1 0 5 0 527 534 539
0 2 0 1 2 1 0 1 0 5 0 529 532
0 2 0 1 1 1 0 2 0 5 1
1 2 1 2 1 2 0 0 0 6 0 540 541
1 2 1 2 1 0 2 0 0 6 0 542 546 547
1 2 1 2 1 0 0 2 0 6 0 540 543 548
1 2 1 2 1 0 0 0 2 6 0 544 545 549
1 2 1 2 2 1 0 0 0 6 0 550 551 552
1 2 1 2 2 0 1 0 0 6 0 550 553
1 2 1 2 2 0 0 1 0 6 0 550 551 554
1 2 1 2 2 0 0 0 1 6 0 552 553 554
1 2 1 2 0 2 1 0 0 6 0 540 555 556
1 2 1 2 0 2 0 1 0 6 0 541 555
1 2 1 2 0 1 2 0 0 6 0 542 557 558
1 2 1 2 0 1 0 2 0 6 0 543 555 561
1 2 1 2 0 1 0 0 2 6 0 544 559 560
1 2 1 2 0 0 1 0 2 6 0 545 559
1 2 1 2 0 0 2 1 0 6 0 546 557 562
1 2 1 2 0 0 2 0 1 6 0 547 558 562
1 2 1 2 0 0 0 2 1 6 0 548 556 561
1 2 1 2 0 0 0 1 2 6 0 549 559 560
1 2 1 1 2 0 2 0 0 6 0 563 565 566
1 2 1 1 2 0 0 2 0 6 -1
1 2 1 1 2 0 0 0 2 6 0 563 564 567
1 2 1 1 0 0 2 2 0 6 0 568 571 575
1 2 1 1 0 0 2 0 2 6 0 569 572 574
1 2 1 1 0 0 0 2 2 6 0 570 571 573
1 2 1 0 1 0 2 2 0 6 0 568 570 576
1 2 1 0 1 0 2 0 2 6 0 569 577
1 2 1 0 2 0 2 1 0 6 0 565 567 578
1 2 1 0 2 0 2 0 1 6 0 564 566 578
1 2 1 0 2 0 1 2 0 6 -1
1 2 1 0 0 0 2 1 2 6 0 574 577
1 2 1 0 0 0 2 2 1 6 0 573 575 576
1 2 2 1 1 2 0 0 0 6 0 579 580 581
1 2 2 1 1 0 2 0 0 6 0 582 587 588
1 2 2 1 1 0 0 2 0 6 0 583 585 589
1 2 2 1 1 0 0 0 2 6 0 584 586 590
1 2 2 1 2 1 0 0 0 6 0 591 592 593
1 2 2 1 2 0 0 1 0 6 0 592 594 596
1 2 2 1 2 0 0 0 1 6 0 593 595 596
1 2 2 1 0 2 0 1 0 6 0 580 597 599
1 2 2 1 0 2 0 0 1 6 0 581 598 599
1 2 2 1 0 1 2 0 0 6 0 582 600 601
1 2 2 1 0 1 0 2 0 6 0 583 602 605
1 2 2 1 0 1 0 0 2 6 0 584 603 604
1 2 2 1 0 0 2 1 0 6 0 587 600 607
1 2 2 1 0 0 2 0 1 6 0 588 601 607
1 2 2 1 0 0 0 2 1 6 0 573 589 605
1 2 2 1 0 0 0 1 2 6 0 590 604 606
1 2 2 2 1 1 0 0 0 6 0 546 608 609
1 2 2 2 1 0 0 1 0 6 0 542 608 610
1 2 2 2 0 1 0 1 0 6 0 557 608 611
1 2 2 2 0 1 0 0 1 6 0 562 609 611
1 2 2 2 0 0 0 1 1 6 0 558 610 611
1 2 2 0 1 2 1 0 0 6 0 579 612 613
1 2 2 0 1 2 0 1 0 6 0 580 581 612
1 2 2 0 1 1 2 0 0 6 0 582 614 615
1 2 2 0 1 1 0 2 0 6 0 583 616 619
1 2 2 0 1 1 0 0 2 6 0 584 617 618
1 2 2 0 1 0 1 2 0 6 0 576 585 616
1 2 2 0 1 0 1 0 2 6 0 586 617 620
1 2 2 0 1 0 2 1 0 6 0 587 614 621
1 2 2 0 1 0 0 1 2 6 0 590 618 620
1 2 2 0 2 1 1 0 0 6 0 591 622 623
1 2 2 0 2 1 0 1 0 6 0 592 622 624
1 2 2 0 2 1 0 0 1 6 0 593 623 624
1 2 2 0 2 0 1 1 0 6 0 594 622 625
1 2 2 0 2 0 1 0 1 6 0 595 623 625
1 2 2 0 2 0 0 1 1 6 0 596 624 625
1 2 2 0 0 2 1 1 0 6 0 597 598 612
1 2 2 0 0 2 1 0 1 6 0 598 613
1 2 2 0 0 1 2 1 0 6 0 600 614 626
1 2 2 0 0 1 2 0 1 6 0 601 615 626
1 2 2 0 0 1 1 2 0 6 0 575 602 616
1 2 2 0 0 1 1 0 2 6 0 603 617 627
1 2 2 0 0 1 0 1 2 6 0 604 618 627
1 2 2 0 0 1 0 2 1 6 0 575 605 619
1 2 2 0 0 0 1 1 2 6 0 606 620 627
1 2 2 0 0 0 2 1 1 6 0 607 621 626
1 2 0 2 1 2 0 1 0 6 0 541 543 628
1 2 0 2 1 1 0 0 2 6 0 544 549 629
1 2 0 2 2 1 0 1 0 6 0 551 630
1 2 0 2 2 1 0 0 1 6 0 552 554 630
1 2 0 2 0 2 0 1 1 6 0 555 561 628
1 2 0 2 0 1 0 1 2 6 0 560 629
1 2 0 1 2 2 0 1 0 6 0 551 631 633
1 2 0 1 2 2 0 0 1 6 0 550 632 633
1 2 0 1 2 1 2 0 0 6 0 563 634 635
1 2 0 1 2 1 0 2 0 6 -1
1 2 0 1 2 1 0 0 2 6 0 563 636 637
1 2 0 1 2 0 2 1 0 6 0 565 634 639
1 2 0 1 2 0 2 0 1 6 0 566 635 639
1 2 0 1 2 0 0 2 1 6 -1
1 2 0 1 2 0 0 1 2 6 0 567 637 638
1 2 0 1 1 2 2 0 0 6 0 544 640 641
1 2 0 1 1 2 0 2 0 6 0 543 628 642
1 2 0 1 1 2 0 0 2 6 0 542 643 644
1 2 0 1 1 0 2 2 0 6 0 568 619 645
1 2 0 1 1 0 2 0 2 6 0 569 646 648
1 2 0 1 1 0 0 2 2 6 0 570 585 647
1 2 0 1 0 2 2 1 0 6 0 560 640 650
1 2 0 1 0 2 2 0 1 6 0 559 641 650
1 2 0 1 0 2 0 1 2 6 0 557 644 649
1 2 0 1 0 1 2 2 0 6 0 571 605 645
1 2 0 1 0 1 2 0 2 6 0 572 646 651
1 2 0 1 0 1 0 2 2 6 0 571 602 647
1 2 0 1 0 0 2 1 2 6 0 574 648 651
1 2 0 0 1 2 1 2 0 6 0 548 642
1 2 0 0 1 2 1 0 2 6 0 547 643 652
1 2 0 0 1 2 2 1 0 6 0 549 640 641
1 2 0 0 1 2 0 1 2 6 0 546 644 652
1 2 0 0 1 1 2 2 0 6 0 570 589 645
1 2 0 0 1 1 2 0 2 6 0 569 646 653
1 2 0 0 1 1 0 2 2 6 0 568 616 647
1 2 0 0 1 0 2 1 2 6 0 577 648 653
1 2 0 0 2 1 1 2 0 6 -1
1 2 0 0 2 1 1 0 2 6 0 566 636 654
1 2 0 0 2 1 2 1 0 6 0 567 634 655
1 2 0 0 2 1 2 0 1 6 0 564 635 655
1 2 0 0 2 1 0 1 2 6 0 565 637 654
1 2 0 0 2 2 1 1 0 6 0 554 631 632
1 2 0 0 2 2 1 0 1 6 0 553 632
1 2 0 0 2 0 1 1 2 6 0 578 638 654
1 2 0 0 2 0 2 1 1 6 0 578 639 655
1 2 0 0 0 2 1 1 2 6 0 562 649 652
1 2 0 0 0 1 2 1 2 6 0 574 651 653
1 1 2 1 2 2 0 0 0 6 0 624 656 657
1 1 2 1 2 0 2 0 0 6 -1
1 1 2 1 2 0 0 2 0 6 0 638 655 658
1 1 2 1 2 0 0 0 2 6 0 659 660 661
1 1 2 1 0 2 2 0 0 6 0 626 662 666
1 1 2 1 0 2 0 2 0 6 0 611 649 663
1 1 2 1 0 2 0 0 2 6 -1
1 1 2 1 0 0 2 0 2 6 0 664 667
1 1 2 1 0 0 0 2 2 6 0 606 665 668
1 1 2 0 1 2 2 0 0 6 0 615 662 669
1 1 2 0 1 2 0 2 0 6 0 609 652 663
1 1 2 0 1 2 0 0 2 6 -1
1 1 2 0 1 0 2 2 0 6 0 621 662 670
1 1 2 0 1 0 2 0 2 6 0 664 671 673
1 1 2 0 1 0 0 2 2 6 0 620 665 672
1 1 2 0 2 1 2 0 0 6 -1
1 1 2 0 2 1 0 2 0 6 0 639 654 658
1 1 2 0 2 1 0 0 2 6 0 659 674 675
1 1 2 0 2 2 1 0 0 6 0 623 656 676
1 1 2 0 2 2 0 1 0 6 0 593 657 676
1 1 2 0 2 0 2 1 0 6 -1
1 1 2 0 2 0 2 0 1 6 -1
1 1 2 0 2 0 1 0 2 6 0 660 674 677
1 1 2 0 2 0 0 1 2 6 0 661 675 677
1 1 2 0 0 2 2 1 0 6 0 601 666 669
1 1 2 0 0 2 1 0 2 6 -1
1 1 2 0 0 2 0 1 2 6 -1
1 1 2 0 0 1 2 2 0 6 0 607 666 670
1 1 2 0 0 1 2 0 2 6 0 667 671 678
1 1 2 0 0 1 0 2 2 6 0 627 668 672
1 1 2 0 0 0 2 1 2 6 0 667 673 678
1 1 0 1 2 2 0 2 0 6 0 630 631
1 1 0 1 2 2 0 0 2 6 0 594 679 681
1 1 0 1 0 2 0 2 2 6 0 597 682
1 1 0 0 1 2 2 2 0 6 0 610 643 663
1 1 0 0 1 2 2 0 2 6 0 586 665 683
1 1 0 0 1 2 0 2 2 6 0 579 612 682
1 1 0 0 1 0 2 2 2 6 -1
1 1 0 0 2 1 2 2 0 6 0 596 657 679
1 1 0 0 2 1 2 0 2 6 0 660 661 684
1 1 0 0 2 1 0 2 2 6 0 622 656 681
1 1 0 0 2 2 1 0 2 6 0 595 676 679
1 1 0 0 2 2 2 1 0 6 0 635 636 658
1 1 0 0 2 2 0 1 2 6 0 591 676 681
1 1 0 0 2 0 2 1 2 6 0 659 680 684
1 1 0 0 0 2 2 1 2 6 0 603 668 683
1 1 0 0 0 1 2 2 2 6 -1
1 0 1 0 1 0 2 2 2 6 -1
1 0 1 0 2 0 2 1 2 6 0 674 680
1 0 2 0 1 2 2 1 0 6 0 588 669 670
1 0 2 0 1 2 0 1 2 6 -1
1 0 2 0 1 1 2 0 2 6 0 671 673 685
1 0 2 0 1 1 0 2 2 6 0 617 672 683
1 0 2 0 2 1 2 1 0 6 -1
1 0 2 0 2 1 0 1 2 6 0 674 675 684
1 0 2 0 0 1 2 1 2 6 0 678 685
2 1 2 1 1 2 0 0 0 6 0 618 672 686
2 1 2 1 1 0 2 0 0 6 0 685 687
2 1 2 1 1 0 0 2 0 6 0 648 653 688
2 1 2 1 1 0 0 0 2 6 0 671 687 689
2 1 2 1 2 1 0 0 0 6 0 675 690
2 1 2 1 2 0 0 1 0 6 0 659 684 690
2 1 2 1 0 2 0 1 0 6 0 604 668 686
2 1 2 1 0 1 2 0 0 6 0 678 687 691
2 1 2 1 0 1 0 2 0 6 0 651 688
2 1 2 1 0 0 0 1 2 6 0 667 689 691
2 1 0 2 1 1 2 0 0 6 -1
2 1 0 2 1 1 0 2 0 6 0 608 644 663
2 1 0 2 1 1 0 0 2 6 0 614 662 692
2 1 0 2 2 1 0 1 0 6 0 592 657 681
2 1 0 2 0 1 2 1 0 6 -1
2 1 0 2 0 1 0 1 2 6 0 600 666 692
2 1 0 1 2 2 0 1 0 6 0 634 637 658
2 1 0 1 2 1 0 0 2 6 -1
2 1 0 1 1 2 0 2 0 6 0 629 640
2 1 0 1 1 2 0 0 2 6 0 587 670 692
2 1 0 0 1 1 2 2 0 6 0 590 665 686
2 1 0 0 1 1 2 0 2 6 0 664 689
2 1 0 0 2 1 2 1 0 6 0 661 690
2 2 0 2 1 1 0 1 0 6 0 580 682
1 2 1 2 1 2 1 0 0 7 1
1 2 1 2 1 2 0 1 0 7 0 693
1 2 1 2 1 1 2 0 0 7 0 694 695
1 2 1 2 1 1 0 2 0 7 0 694 696
1 2 1 2 1 1 0 0 2 7 0 695 696
1 2 1 2 1 0 1 0 2 7 1
1 2 1 2 1 0 2 1 0 7 0 693 697
1 2 1 2 1 0 2 0 1 7 1
1 2 1 2 1 0 0 2 1 7 1
1 2 1 2 1 0 0 1 2 7 0 693 697
1 2 1 2 2 1 1 0 0 7 0 698 699
1 2 1 2 2 1 0 1 0 7 0 700 701
1 2 1 2 2 1 0 0 1 7 1
1 2 1 2 2 0 1 0 1 7 0 702
1 2 1 2 2 0 0 1 1 7 0 698 703
1 2 1 2 0 2 1 1 0 7 0 698 705
1 2 1 2 0 2 1 0 1 7 0 702 704
1 2 1 2 0 1 2 1 0 7 0 700 706
1 2 1 2 0 1 2 0 1 7 1
1 2 1 2 0 1 1 0 2 7 0 699 705
1 2 1 2 0 1 0 1 2 7 0 701 706
1 2 1 2 0 1 0 2 1 7 1
1 2 1 2 0 0 2 1 1 7 0 703 705
1 2 1 1 2 1 2 0 0 7 0 707 708
1 2 1 1 2 0 1 0 2 7 1
1 2 1 1 2 0 2 1 0 7 0 701 709
1 2 1 1 2 0 2 0 1 7 0 699 710
1 2 1 1 2 0 0 1 2 7 0 700 709
1 2 1 1 1 0 2 2 0 7 0 696 711
1 2 1 1 1 0 2 0 2 7 0 695 711
1 2 1 1 1 0 0 2 2 7 0 694 711
1 2 1 1 0 1 2 2 0 7 0 707 712
1 2 1 1 0 1 2 0 2 7 0 708 712
1 2 1 1 0 0 1 2 2 7 1
1 2 1 1 0 0 2 1 2 7 0 706 709
1 2 1 1 0 0 2 2 1 7 0 705 710
1 2 1 0 1 0 1 2 2 7 1
1 2 1 0 1 0 2 1 2 7 0 697
1 2 1 0 2 0 1 1 2 7 0 699 703
1 2 2 1 1 2 1 0 0 7 1
1 2 2 1 1 2 0 1 0 7 0 713 714
1 2 2 1 1 2 0 0 1 7 1
1 2 2 1 1 1 2 0 0 7 1
1 2 2 1 1 1 0 2 0 7 1
1 2 2 1 1 1 0 0 2 7 1
1 2 2 1 1 0 1 2 0 7 1
1 2 2 1 1 0 1 0 2 7 1
1 2 2 1 1 0 2 1 0 7 0 713 715
1 2 2 1 1 0 2 0 1 7 1
1 2 2 1 1 0 0 2 1 7 1
1 2 2 1 1 0 0 1 2 7 0 714 715
1 2 2 1 2 1 1 0 0 7 1
1 2 2 1 2 1 0 1 0 7 0 716 719
1 2 2 1 2 1 0 0 1 7 0 717 718
1 2 2 1 2 0 1 1 0 7 1
1 2 2 1 2 0 1 0 1 7 1
1 2 2 1 2 0 0 1 1 7 0 720 721
1 2 2 1 0 2 1 1 0 7 1
1 2 2 1 0 2 1 0 1 7 1
1 2 2 1 0 2 0 1 1 7 0 720 722
1 2 2 1 0 1 2 1 0 7 0 716 724
1 2 2 1 0 1 2 0 1 7 0 717 723
1 2 2 1 0 1 1 2 0 7 1
1 2 2 1 0 1 1 0 2 7 1
1 2 2 1 0 1 0 1 2 7 0 719 724
1 2 2 1 0 1 0 2 1 7 0 718 723
1 2 2 1 0 0 1 1 2 7 1
1 2 2 1 0 0 2 1 1 7 0 721 722
1 2 2 2 1 1 0 1 0 7 0 725 726
1 2 2 2 1 1 0 0 1 7 1
1 2 2 2 1 0 0 1 1 7 1
1 2 2 2 0 1 0 1 1 7 0 727 728
1 2 2 0 1 2 1 1 0 7 0 694 729
1 2 2 0 1 2 1 0 1 7 1
1 2 2 0 1 1 2 1 0 7 0 725 730
1 2 2 0 1 1 2 0 1 7 1
1 2 2 0 1 1 1 2 0 7 0 693 731
1 2 2 0 1 1 1 0 2 7 0 697 731
1 2 2 0 1 1 0 1 2 7 0 726 730
1 2 2 0 1 1 0 2 1 7 1
1 2 2 0 1 0 1 1 2 7 0 695 729
1 2 2 0 1 0 2 1 1 7 1
1 2 2 0 2 1 1 1 0 7 0 700 732
1 2 2 0 2 1 1 0 1 7 0 703 710
1 2 2 0 2 1 0 1 1 7 0 727 733
1 2 2 0 2 0 1 1 1 7 1
1 2 2 0 0 1 2 1 1 7 0 728 733
1 2 2 0 0 1 1 1 2 7 0 706 732
1 2 0 2 1 2 0 1 1 7 1
1 2 0 2 1 1 0 1 2 7 0 726
1 2 0 2 2 1 0 1 1 7 0 727
1 2 0 1 2 2 1 1 0 7 1
1 2 0 1 2 2 1 0 1 7 1
1 2 0 1 2 2 0 1 1 7 0 720 734
1 2 0 1 2 1 2 1 0 7 0 716 735
1 2 0 1 2 1 2 0 1 7 0 717 718
1 2 0 1 2 1 1 0 2 7 1
1 2 0 1 2 1 0 1 2 7 0 719 735
1 2 0 1 2 0 1 1 2 7 1
1 2 0 1 2 0 2 1 1 7 0 721 734
1 2 0 1 1 2 2 1 0 7 0 713 736
1 2 0 1 1 2 2 0 1 7 1
1 2 0 1 1 2 1 2 0 7 1
1 2 0 1 1 2 1 0 2 7 1
1 2 0 1 1 2 0 1 2 7 0 714 736
1 2 0 1 1 1 2 2 0 7 1
1 2 0 1 1 1 2 0 2 7 1
1 2 0 1 1 1 0 2 2 7 1
1 2 0 1 1 0 2 1 2 7 0 715 736
1 2 0 1 0 2 1 1 2 7 1
1 2 0 1 0 2 2 1 1 7 0 722 734
1 2 0 1 0 1 2 1 2 7 0 724 735
1 2 0 0 1 2 1 1 2 7 0 696 729
1 2 0 0 1 1 2 1 2 7 0 726 730
1 2 0 0 2 1 1 1 2 7 0 701 732
1 2 0 0 2 1 2 1 1 7 0 727 733
1 1 2 1 2 2 1 0 0 7 1
1 1 2 1 2 2 0 1 0 7 0 737 738
1 1 2 1 2 1 0 2 0 7 0 737 740
1 1 2 1 2 1 0 0 2 7 0 739 740
1 1 2 1 2 0 1 0 2 7 1
1 1 2 1 2 0 0 1 2 7 0 738 739
1 1 2 1 1 2 2 0 0 7 0 741 742
1 1 2 1 1 2 0 2 0 7 0 741 743
1 1 2 1 1 0 2 0 2 7 0 742
1 1 2 1 1 0 0 2 2 7 0 742 743
1 1 2 1 0 2 2 1 0 7 0 737 744
1 1 2 1 0 1 2 0 2 7 0 739 744
1 1 2 1 0 1 0 2 2 7 0 740 744
1 1 2 0 1 2 2 1 0 7 1
1 1 2 0 1 1 2 2 0 7 0 713 745
1 1 2 0 1 1 2 0 2 7 0 715 745
1 1 2 0 1 1 0 2 2 7 0 736 745
1 1 2 0 1 0 2 1 2 7 1
1 1 2 0 2 1 1 0 2 7 0 709 732
1 1 2 0 2 1 0 1 2 7 0 735 746
1 1 2 0 2 2 1 1 0 7 0 707 747
1 1 2 0 2 0 1 1 2 7 0 708 747
1 1 2 0 0 1 2 1 2 7 0 724 746
1 1 1 1 2 0 0 2 2 7 1
1 1 1 0 2 0 2 1 2 7 1
1 1 0 1 2 2 0 1 2 7 0 738 740
1 1 0 1 1 2 0 2 2 7 0 743
1 1 0 0 1 2 2 1 2 7 1
1 1 0 0 2 1 2 1 2 7 0 719 746
1 0 2 0 1 1 2 1 2 7 0 730
2 1 2 1 1 2 0 1 0 7 1
2 1 2 1 1 1 2 0 0 7 1
2 1 2 1 1 1 0 2 0 7 1
2 1 2 1 1 0 0 1 2 7 1
2 1 2 1 2 1 0 1 0 7 0 748
2 1 2 1 0 1 2 1 0 7 0 748 749
2 1 0 2 1 1 0 1 2 7 1
1 2 1 2 1 2 2 1 0 8 0 750
1 2 1 2 1 1 2 2 0 8 0 759
1 2 1 2 1 1 2 0 2 8 0 751
1 2 1 2 1 1 0 2 2 8 0 750
1 2 1 2 1 0 2 1 2 8 0 751
1 2 1 2 2 1 1 2 0 8 -1
1 2 1 2 2 1 1 0 2 8 0 752
1 2 1 2 2 1 2 1 0 8 0 753
1 2 1 2 2 1 0 1 2 8 0 752
1 2 1 2 2 2 1 0 1 8 -1
1 2 1 2 2 0 2 1 1 8 0 753
1 2 1 2 0 2 1 2 1 8 0 760
1 2 1 2 0 2 1 1 2 8 0 750
1 2 1 2 0 1 2 1 2 8 0 751
1 2 1 1 2 1 2 2 0 8 -1
1 2 1 1 2 1 2 0 2 8 0 754
1 2 1 1 2 0 2 1 2 8 0 754
1 2 1 1 2 0 2 2 1 8 -1
1 2 1 1 1 0 2 2 2 8 -1
1 2 1 1 0 1 2 2 2 8 -1
1 2 2 1 1 2 2 1 0 8 0 755
1 2 2 1 1 2 0 1 2 8 -1
1 2 2 1 1 0 2 1 2 8 0 756
1 2 2 1 2 1 2 1 0 8 -1
1 2 2 1 2 1 2 0 1 8 -1
1 2 2 1 2 1 0 2 1 8 -1
1 2 2 1 2 1 0 1 2 8 0 757
1 2 2 1 2 2 0 1 1 8 0 761
1 2 2 1 2 0 2 1 1 8 -1
1 2 2 1 0 2 2 1 1 8 0 755
1 2 2 1 0 1 2 2 1 8 0 762
1 2 2 1 0 1 2 1 2 8 0 756
1 2 2 2 1 1 2 1 0 8 0 758
1 2 2 2 1 1 0 1 2 8 0 751
1 2 2 2 2 1 0 1 1 8 0 753
1 2 2 2 0 1 2 1 1 8 0 758
1 2 2 0 1 2 1 1 2 8 -1
1 2 2 0 1 1 2 1 2 8 0 756
1 2 2 0 1 1 1 2 2 8 0 763
1 2 2 0 2 1 1 1 2 8 0 757
1 2 2 0 2 1 2 1 1 8 -1
1 2 0 1 2 2 2 1 1 8 0 752
1 2 0 1 2 1 2 1 2 8 0 754
1 2 0 1 1 2 2 1 2 8 0 751
1 1 2 1 2 2 2 1 0 8 -1
1 1 2 1 2 2 0 1 2 8 -1
1 1 2 1 2 1 2 0 2 8 -1
1 1 2 1 2 1 0 2 2 8 0 757
1 1 2 1 1 2 2 2 0 8 0 758
1 1 2 1 1 2 2 0 2 8 -1
1 1 2 1 1 2 0 2 2 8 -1
1 1 2 1 0 2 2 1 2 8 -1
1 1 2 0 1 1 2 2 2 8 -1
1 1 2 0 2 1 2 1 2 8 -1
1 1 2 0 2 2 1 1 2 8 -1
2 1 2 1 2 1 2 1 0 8 -1
2 1 2 1 0 1 2 1 2 8 0 764
1 2 1 2 1 2 1 1 2 9 1
1 2 1 2 1 1 2 1 2 9 0
1 2 1 2 2 1 1 1 2 9 0
1 2 1 2 2 1 2 1 1 9 1
1 2 1 1 2 1 2 1 2 9 0
1 2 2 1 1 2 2 1 1 9 1
1 2 2 1 1 1 2 1 2 9 1
1 2 2 1 2 1 1 1 2 9 1
1 2 2 2 1 1 2 1 1 9 1
1 2 1 2 1 1 2 2 1 9 1
1 2 1 2 1 2 1 2 1 9 1
1 2 2 1 2 2 1 1 1 9 1
1 2 2 1 1 1 2 2 1 9 1
1 2 2 1 1 1 1 2 2 9 1
2 1 2 1 1 1 2 1 2 9 1